2006080048
2007011302
2007012068
2007012125
2007012140
2007013191
2007080051
2007080059
2008011288
2008011297
2008011326
2008011335
2008012080
2008013189
2008080053
2008080058
2009010453
2009010506
2009010511
2009010780
2009011261
2009011262
2009011263
2009011264
2009011267
2009011275
2009011278
2009011279
2009011281
2009011283
2009011286
2009011287
2009011288
2009011289
2009011290
2009011292
2009011296
2009011297
2009011298
2009011299
2009011300
2009011301
2009011306
2009011308
2009011309
2009011312
2009011313
2009011314
2009011315
2009011317
2009011318
2009011319
2009011320
2009011321
2009011322
2009011324
2009011325
2009011326
2009011327
2009011328
2009011329
2009011330
2009011333
2009011335
2009011336
2009011339
2009011341
2009011342
2009011345
2009011346
2009011347
2009011359
2009011363
2009011364
2009011366
2009011368
2009011371
2009011372
2009011375
2009011376
2009011381
2009011382
2009011384
2009011385
2009011386
2009011387
2009011388
2009011389
2009011390
2009011391
2009011392
2009011393
2009011395
2009013195
2009013204
2009013207
2009013218
2009013220
2009013233
2009013235
2009013244
2009080069
2009080071
2009080072
2009080074
2009080075
2009080078
2009080079
2009080080
2009080090
2010080070

